FT: -100.000000  0.007052  -1.907238
FT: -99.902296  0.007063  -1.908617
FT: -99.804592  0.007073  -1.909999
FT: -99.706888  0.007083  -1.911382
FT: -99.609184  0.007094  -1.912767
FT: -99.511480  0.007104  -1.914154
FT: -99.413776  0.007114  -1.915543
FT: -99.316072  0.007125  -1.916934
FT: -99.218368  0.007135  -1.918327
FT: -99.120664  0.007146  -1.919723
FT: -99.022960  0.007156  -1.921120
FT: -98.925256  0.007167  -1.922519
FT: -98.827553  0.007177  -1.923921
FT: -98.729849  0.007188  -1.925324
FT: -98.632145  0.007198  -1.926730
FT: -98.534441  0.007209  -1.928137
FT: -98.436737  0.007220  -1.929547
FT: -98.339033  0.007230  -1.930959
FT: -98.241329  0.007241  -1.932373
FT: -98.143625  0.007252  -1.933789
FT: -98.045921  0.007262  -1.935207
FT: -97.948217  0.007273  -1.936627
FT: -97.850513  0.007284  -1.938049
FT: -97.752809  0.007295  -1.939473
FT: -97.655105  0.007306  -1.940900
FT: -97.557401  0.007316  -1.942328
FT: -97.459697  0.007327  -1.943759
FT: -97.361993  0.007338  -1.945192
FT: -97.264289  0.007349  -1.946627
FT: -97.166585  0.007360  -1.948064
FT: -97.068881  0.007371  -1.949503
FT: -96.971177  0.007382  -1.950945
FT: -96.873473  0.007393  -1.952388
FT: -96.775769  0.007404  -1.953834
FT: -96.678065  0.007415  -1.955282
FT: -96.580362  0.007426  -1.956732
FT: -96.482658  0.007437  -1.958184
FT: -96.384954  0.007449  -1.959638
FT: -96.287250  0.007460  -1.961095
FT: -96.189546  0.007471  -1.962554
FT: -96.091842  0.007482  -1.964014
FT: -95.994138  0.007493  -1.965478
FT: -95.896434  0.007505  -1.966943
FT: -95.798730  0.007516  -1.968410
FT: -95.701026  0.007527  -1.969880
FT: -95.603322  0.007539  -1.971352
FT: -95.505618  0.007550  -1.972826
FT: -95.407914  0.007561  -1.974303
FT: -95.310210  0.007573  -1.975781
FT: -95.212506  0.007584  -1.977262
FT: -95.114802  0.007596  -1.978745
FT: -95.017098  0.007607  -1.980231
FT: -94.919394  0.007619  -1.981718
FT: -94.821690  0.007630  -1.983208
FT: -94.723986  0.007642  -1.984700
FT: -94.626282  0.007654  -1.986195
FT: -94.528578  0.007665  -1.987691
FT: -94.430874  0.007677  -1.989190
FT: -94.333170  0.007689  -1.990692
FT: -94.235467  0.007700  -1.992195
FT: -94.137763  0.007712  -1.993701
FT: -94.040059  0.007724  -1.995209
FT: -93.942355  0.007736  -1.996719
FT: -93.844651  0.007748  -1.998232
FT: -93.746947  0.007759  -1.999747
FT: -93.649243  0.007771  -2.001265
FT: -93.551539  0.007783  -2.002784
FT: -93.453835  0.007795  -2.004306
FT: -93.356131  0.007807  -2.005831
FT: -93.258427  0.007819  -2.007357
FT: -93.160723  0.007831  -2.008886
FT: -93.063019  0.007843  -2.010418
FT: -92.965315  0.007855  -2.011952
FT: -92.867611  0.007867  -2.013488
FT: -92.769907  0.007880  -2.015026
FT: -92.672203  0.007892  -2.016567
FT: -92.574499  0.007904  -2.018110
FT: -92.476795  0.007916  -2.019656
FT: -92.379091  0.007928  -2.021204
FT: -92.281387  0.007941  -2.022754
FT: -92.183683  0.007953  -2.024307
FT: -92.085979  0.007965  -2.025862
FT: -91.988276  0.007978  -2.027420
FT: -91.890572  0.007990  -2.028980
FT: -91.792868  0.008002  -2.030543
FT: -91.695164  0.008015  -2.032107
FT: -91.597460  0.008027  -2.033675
FT: -91.499756  0.008040  -2.035245
FT: -91.402052  0.008052  -2.036817
FT: -91.304348  0.008065  -2.038392
FT: -91.206644  0.008078  -2.039969
FT: -91.108940  0.008090  -2.041548
FT: -91.011236  0.008103  -2.043130
FT: -90.913532  0.008116  -2.044715
FT: -90.815828  0.008128  -2.046302
FT: -90.718124  0.008141  -2.047892
FT: -90.620420  0.008154  -2.049484
FT: -90.522716  0.008167  -2.051078
FT: -90.425012  0.008180  -2.052675
FT: -90.327308  0.008192  -2.054275
FT: -90.229604  0.008205  -2.055877
FT: -90.131900  0.008218  -2.057481
FT: -90.034196  0.008231  -2.059089
FT: -89.936492  0.008244  -2.060698
FT: -89.838788  0.008257  -2.062311
FT: -89.741085  0.008270  -2.063925
FT: -89.643381  0.008283  -2.065543
FT: -89.545677  0.008297  -2.067162
FT: -89.447973  0.008310  -2.068785
FT: -89.350269  0.008323  -2.070410
FT: -89.252565  0.008336  -2.072038
FT: -89.154861  0.008349  -2.073668
FT: -89.057157  0.008363  -2.075301
FT: -88.959453  0.008376  -2.076936
FT: -88.861749  0.008389  -2.078574
FT: -88.764045  0.008403  -2.080214
FT: -88.666341  0.008416  -2.081858
FT: -88.568637  0.008430  -2.083504
FT: -88.470933  0.008443  -2.085152
FT: -88.373229  0.008457  -2.086803
FT: -88.275525  0.008470  -2.088457
FT: -88.177821  0.008484  -2.090113
FT: -88.080117  0.008497  -2.091772
FT: -87.982413  0.008511  -2.093434
FT: -87.884709  0.008525  -2.095098
FT: -87.787005  0.008538  -2.096765
FT: -87.689301  0.008552  -2.098435
FT: -87.591597  0.008566  -2.100108
FT: -87.493894  0.008580  -2.101783
FT: -87.396190  0.008593  -2.103461
FT: -87.298486  0.008607  -2.105141
FT: -87.200782  0.008621  -2.106824
FT: -87.103078  0.008635  -2.108510
FT: -87.005374  0.008649  -2.110199
FT: -86.907670  0.008663  -2.111890
FT: -86.809966  0.008677  -2.113585
FT: -86.712262  0.008691  -2.115282
FT: -86.614558  0.008705  -2.116981
FT: -86.516854  0.008720  -2.118684
FT: -86.419150  0.008734  -2.120389
FT: -86.321446  0.008748  -2.122097
FT: -86.223742  0.008762  -2.123808
FT: -86.126038  0.008777  -2.125521
FT: -86.028334  0.008791  -2.127238
FT: -85.930630  0.008805  -2.128957
FT: -85.832926  0.008820  -2.130679
FT: -85.735222  0.008834  -2.132403
FT: -85.637518  0.008849  -2.134131
FT: -85.539814  0.008863  -2.135861
FT: -85.442110  0.008878  -2.137595
FT: -85.344406  0.008892  -2.139331
FT: -85.246702  0.008907  -2.141070
FT: -85.148999  0.008921  -2.142812
FT: -85.051295  0.008936  -2.144556
FT: -84.953591  0.008951  -2.146304
FT: -84.855887  0.008966  -2.148054
FT: -84.758183  0.008980  -2.149808
FT: -84.660479  0.008995  -2.151564
FT: -84.562775  0.009010  -2.153323
FT: -84.465071  0.009025  -2.155085
FT: -84.367367  0.009040  -2.156850
FT: -84.269663  0.009055  -2.158618
FT: -84.171959  0.009070  -2.160389
FT: -84.074255  0.009085  -2.162162
FT: -83.976551  0.009100  -2.163939
FT: -83.878847  0.009115  -2.165719
FT: -83.781143  0.009130  -2.167501
FT: -83.683439  0.009146  -2.169287
FT: -83.585735  0.009161  -2.171076
FT: -83.488031  0.009176  -2.172867
FT: -83.390327  0.009192  -2.174662
FT: -83.292623  0.009207  -2.176459
FT: -83.194919  0.009222  -2.178260
FT: -83.097215  0.009238  -2.180063
FT: -82.999511  0.009253  -2.181870
FT: -82.901808  0.009269  -2.183679
FT: -82.804104  0.009284  -2.185492
FT: -82.706400  0.009300  -2.187308
FT: -82.608696  0.009316  -2.189126
FT: -82.510992  0.009331  -2.190948
FT: -82.413288  0.009347  -2.192773
FT: -82.315584  0.009363  -2.194601
FT: -82.217880  0.009378  -2.196432
FT: -82.120176  0.009394  -2.198266
FT: -82.022472  0.009410  -2.200103
FT: -81.924768  0.009426  -2.201944
FT: -81.827064  0.009442  -2.203787
FT: -81.729360  0.009458  -2.205634
FT: -81.631656  0.009474  -2.207483
FT: -81.533952  0.009490  -2.209336
FT: -81.436248  0.009506  -2.211192
FT: -81.338544  0.009523  -2.213051
FT: -81.240840  0.009539  -2.214914
FT: -81.143136  0.009555  -2.216779
FT: -81.045432  0.009571  -2.218648
FT: -80.947728  0.009588  -2.220519
FT: -80.850024  0.009604  -2.222395
FT: -80.752320  0.009620  -2.224273
FT: -80.654617  0.009637  -2.226154
FT: -80.556913  0.009653  -2.228039
FT: -80.459209  0.009670  -2.229927
FT: -80.361505  0.009687  -2.231818
FT: -80.263801  0.009703  -2.233712
FT: -80.166097  0.009720  -2.235610
FT: -80.068393  0.009737  -2.237511
FT: -79.970689  0.009753  -2.239415
FT: -79.872985  0.009770  -2.241322
FT: -79.775281  0.009787  -2.243233
FT: -79.677577  0.009804  -2.245147
FT: -79.579873  0.009821  -2.247065
FT: -79.482169  0.009838  -2.248985
FT: -79.384465  0.009855  -2.250909
FT: -79.286761  0.009872  -2.252837
FT: -79.189057  0.009889  -2.254767
FT: -79.091353  0.009906  -2.256701
FT: -78.993649  0.009924  -2.258639
FT: -78.895945  0.009941  -2.260579
FT: -78.798241  0.009958  -2.262524
FT: -78.700537  0.009975  -2.264471
FT: -78.602833  0.009993  -2.266422
FT: -78.505129  0.010010  -2.268376
FT: -78.407426  0.010028  -2.270334
FT: -78.309722  0.010045  -2.272295
FT: -78.212018  0.010063  -2.274260
FT: -78.114314  0.010081  -2.276228
FT: -78.016610  0.010098  -2.278199
FT: -77.918906  0.010116  -2.280174
FT: -77.821202  0.010134  -2.282152
FT: -77.723498  0.010152  -2.284134
FT: -77.625794  0.010169  -2.286120
FT: -77.528090  0.010187  -2.288109
FT: -77.430386  0.010205  -2.290101
FT: -77.332682  0.010223  -2.292097
FT: -77.234978  0.010241  -2.294096
FT: -77.137274  0.010259  -2.296099
FT: -77.039570  0.010278  -2.298106
FT: -76.941866  0.010296  -2.300116
FT: -76.844162  0.010314  -2.302129
FT: -76.746458  0.010332  -2.304146
FT: -76.648754  0.010351  -2.306167
FT: -76.551050  0.010369  -2.308191
FT: -76.453346  0.010388  -2.310219
FT: -76.355642  0.010406  -2.312251
FT: -76.257938  0.010425  -2.314286
FT: -76.160234  0.010443  -2.316325
FT: -76.062531  0.010462  -2.318367
FT: -75.964827  0.010481  -2.320413
FT: -75.867123  0.010499  -2.322463
FT: -75.769419  0.010518  -2.324516
FT: -75.671715  0.010537  -2.326573
FT: -75.574011  0.010556  -2.328634
FT: -75.476307  0.010575  -2.330699
FT: -75.378603  0.010594  -2.332767
FT: -75.280899  0.010613  -2.334839
FT: -75.183195  0.010632  -2.336914
FT: -75.085491  0.010651  -2.338994
FT: -74.987787  0.010670  -2.341077
FT: -74.890083  0.010690  -2.343164
FT: -74.792379  0.010709  -2.345254
FT: -74.694675  0.010728  -2.347349
FT: -74.596971  0.010748  -2.349447
FT: -74.499267  0.010767  -2.351549
FT: -74.401563  0.010787  -2.353655
FT: -74.303859  0.010806  -2.355764
FT: -74.206155  0.010826  -2.357878
FT: -74.108451  0.010846  -2.359995
FT: -74.010747  0.010865  -2.362116
FT: -73.913043  0.010885  -2.364241
FT: -73.815340  0.010905  -2.366370
FT: -73.717636  0.010925  -2.368503
FT: -73.619932  0.010945  -2.370640
FT: -73.522228  0.010965  -2.372780
FT: -73.424524  0.010985  -2.374925
FT: -73.326820  0.011005  -2.377073
FT: -73.229116  0.011026  -2.379226
FT: -73.131412  0.011046  -2.381382
FT: -73.033708  0.011066  -2.383542
FT: -72.936004  0.011086  -2.385707
FT: -72.838300  0.011107  -2.387875
FT: -72.740596  0.011127  -2.390047
FT: -72.642892  0.011148  -2.392224
FT: -72.545188  0.011168  -2.394404
FT: -72.447484  0.011189  -2.396588
FT: -72.349780  0.011210  -2.398777
FT: -72.252076  0.011231  -2.400969
FT: -72.154372  0.011251  -2.403165
FT: -72.056668  0.011272  -2.405366
FT: -71.958964  0.011293  -2.407571
FT: -71.861260  0.011314  -2.409779
FT: -71.763556  0.011335  -2.411992
FT: -71.665852  0.011356  -2.414209
FT: -71.568149  0.011378  -2.416430
FT: -71.470445  0.011399  -2.418656
FT: -71.372741  0.011420  -2.420885
FT: -71.275037  0.011442  -2.423119
FT: -71.177333  0.011463  -2.425356
FT: -71.079629  0.011484  -2.427598
FT: -70.981925  0.011506  -2.429844
FT: -70.884221  0.011528  -2.432095
FT: -70.786517  0.011549  -2.434349
FT: -70.688813  0.011571  -2.436608
FT: -70.591109  0.011593  -2.438871
FT: -70.493405  0.011615  -2.441139
FT: -70.395701  0.011637  -2.443410
FT: -70.297997  0.011659  -2.445686
FT: -70.200293  0.011681  -2.447967
FT: -70.102589  0.011703  -2.450251
FT: -70.004885  0.011725  -2.452540
FT: -69.907181  0.011747  -2.454833
FT: -69.809477  0.011769  -2.457131
FT: -69.711773  0.011792  -2.459433
FT: -69.614069  0.011814  -2.461739
FT: -69.516365  0.011837  -2.464050
FT: -69.418661  0.011859  -2.466365
FT: -69.320957  0.011882  -2.468684
FT: -69.223254  0.011905  -2.471008
FT: -69.125550  0.011927  -2.473337
FT: -69.027846  0.011950  -2.475669
FT: -68.930142  0.011973  -2.478007
FT: -68.832438  0.011996  -2.480348
FT: -68.734734  0.012019  -2.482695
FT: -68.637030  0.012042  -2.485045
FT: -68.539326  0.012065  -2.487401
FT: -68.441622  0.012089  -2.489761
FT: -68.343918  0.012112  -2.492125
FT: -68.246214  0.012135  -2.494494
FT: -68.148510  0.012159  -2.496867
FT: -68.050806  0.012182  -2.499245
FT: -67.953102  0.012206  -2.501628
FT: -67.855398  0.012229  -2.504015
FT: -67.757694  0.012253  -2.506407
FT: -67.659990  0.012277  -2.508804
FT: -67.562286  0.012301  -2.511205
FT: -67.464582  0.012325  -2.513611
FT: -67.366878  0.012349  -2.516021
FT: -67.269174  0.012373  -2.518437
FT: -67.171470  0.012397  -2.520857
FT: -67.073766  0.012421  -2.523281
FT: -66.976063  0.012445  -2.525711
FT: -66.878359  0.012470  -2.528145
FT: -66.780655  0.012494  -2.530584
FT: -66.682951  0.012519  -2.533028
FT: -66.585247  0.012543  -2.535476
FT: -66.487543  0.012568  -2.537929
FT: -66.389839  0.012592  -2.540387
FT: -66.292135  0.012617  -2.542850
FT: -66.194431  0.012642  -2.545318
FT: -66.096727  0.012667  -2.547791
FT: -65.999023  0.012692  -2.550269
FT: -65.901319  0.012717  -2.552751
FT: -65.803615  0.012742  -2.555238
FT: -65.705911  0.012768  -2.557731
FT: -65.608207  0.012793  -2.560228
FT: -65.510503  0.012818  -2.562730
FT: -65.412799  0.012844  -2.565237
FT: -65.315095  0.012869  -2.567749
FT: -65.217391  0.012895  -2.570266
FT: -65.119687  0.012921  -2.572789
FT: -65.021983  0.012946  -2.575316
FT: -64.924279  0.012972  -2.577848
FT: -64.826575  0.012998  -2.580385
FT: -64.728872  0.013024  -2.582928
FT: -64.631168  0.013050  -2.585475
FT: -64.533464  0.013076  -2.588028
FT: -64.435760  0.013103  -2.590585
FT: -64.338056  0.013129  -2.593148
FT: -64.240352  0.013155  -2.595716
FT: -64.142648  0.013182  -2.598289
FT: -64.044944  0.013209  -2.600868
FT: -63.947240  0.013235  -2.603451
FT: -63.849536  0.013262  -2.606040
FT: -63.751832  0.013289  -2.608634
FT: -63.654128  0.013316  -2.611233
FT: -63.556424  0.013343  -2.613837
FT: -63.458720  0.013370  -2.616447
FT: -63.361016  0.013397  -2.619062
FT: -63.263312  0.013424  -2.621683
FT: -63.165608  0.013451  -2.624308
FT: -63.067904  0.013479  -2.626939
FT: -62.970200  0.013506  -2.629576
FT: -62.872496  0.013534  -2.632218
FT: -62.774792  0.013562  -2.634865
FT: -62.677088  0.013589  -2.637517
FT: -62.579384  0.013617  -2.640176
FT: -62.481681  0.013645  -2.642839
FT: -62.383977  0.013673  -2.645508
FT: -62.286273  0.013701  -2.648182
FT: -62.188569  0.013729  -2.650862
FT: -62.090865  0.013758  -2.653548
FT: -61.993161  0.013786  -2.656239
FT: -61.895457  0.013815  -2.658935
FT: -61.797753  0.013843  -2.661637
FT: -61.700049  0.013872  -2.664345
FT: -61.602345  0.013900  -2.667058
FT: -61.504641  0.013929  -2.669777
FT: -61.406937  0.013958  -2.672502
FT: -61.309233  0.013987  -2.675232
FT: -61.211529  0.014016  -2.677968
FT: -61.113825  0.014045  -2.680710
FT: -61.016121  0.014075  -2.683457
FT: -60.918417  0.014104  -2.686210
FT: -60.820713  0.014134  -2.688969
FT: -60.723009  0.014163  -2.691733
FT: -60.625305  0.014193  -2.694503
FT: -60.527601  0.014222  -2.697280
FT: -60.429897  0.014252  -2.700062
FT: -60.332193  0.014282  -2.702849
FT: -60.234489  0.014312  -2.705643
FT: -60.136786  0.014342  -2.708442
FT: -60.039082  0.014373  -2.711248
FT: -59.941378  0.014403  -2.714059
FT: -59.843674  0.014433  -2.716876
FT: -59.745970  0.014464  -2.719700
FT: -59.648266  0.014495  -2.722529
FT: -59.550562  0.014525  -2.725364
FT: -59.452858  0.014556  -2.728205
FT: -59.355154  0.014587  -2.731052
FT: -59.257450  0.014618  -2.733906
FT: -59.159746  0.014649  -2.736765
FT: -59.062042  0.014680  -2.739630
FT: -58.964338  0.014712  -2.742502
FT: -58.866634  0.014743  -2.745380
FT: -58.768930  0.014775  -2.748263
FT: -58.671226  0.014806  -2.751153
FT: -58.573522  0.014838  -2.754050
FT: -58.475818  0.014870  -2.756952
FT: -58.378114  0.014902  -2.759861
FT: -58.280410  0.014934  -2.762775
FT: -58.182706  0.014966  -2.765696
FT: -58.085002  0.014998  -2.768624
FT: -57.987298  0.015030  -2.771558
FT: -57.889595  0.015063  -2.774498
FT: -57.791891  0.015095  -2.777444
FT: -57.694187  0.015128  -2.780397
FT: -57.596483  0.015161  -2.783356
FT: -57.498779  0.015194  -2.786322
FT: -57.401075  0.015227  -2.789294
FT: -57.303371  0.015260  -2.792272
FT: -57.205667  0.015293  -2.795257
FT: -57.107963  0.015327  -2.798249
FT: -57.010259  0.015360  -2.801247
FT: -56.912555  0.015394  -2.804251
FT: -56.814851  0.015427  -2.807262
FT: -56.717147  0.015461  -2.810280
FT: -56.619443  0.015495  -2.813304
FT: -56.521739  0.015529  -2.816335
FT: -56.424035  0.015563  -2.819373
FT: -56.326331  0.015597  -2.822417
FT: -56.228627  0.015632  -2.825468
FT: -56.130923  0.015666  -2.828526
FT: -56.033219  0.015701  -2.831590
FT: -55.935515  0.015735  -2.834661
FT: -55.837811  0.015770  -2.837739
FT: -55.740107  0.015805  -2.840824
FT: -55.642404  0.015840  -2.843916
FT: -55.544700  0.015875  -2.847014
FT: -55.446996  0.015911  -2.850120
FT: -55.349292  0.015946  -2.853232
FT: -55.251588  0.015982  -2.856351
FT: -55.153884  0.016017  -2.859478
FT: -55.056180  0.016053  -2.862611
FT: -54.958476  0.016089  -2.865751
FT: -54.860772  0.016125  -2.868898
FT: -54.763068  0.016161  -2.872052
FT: -54.665364  0.016197  -2.875214
FT: -54.567660  0.016234  -2.878382
FT: -54.469956  0.016270  -2.881558
FT: -54.372252  0.016307  -2.884740
FT: -54.274548  0.016344  -2.887930
FT: -54.176844  0.016380  -2.891127
FT: -54.079140  0.016417  -2.894331
FT: -53.981436  0.016455  -2.897543
FT: -53.883732  0.016492  -2.900762
FT: -53.786028  0.016529  -2.903988
FT: -53.688324  0.016567  -2.907221
FT: -53.590620  0.016604  -2.910462
FT: -53.492916  0.016642  -2.913710
FT: -53.395213  0.016680  -2.916966
FT: -53.297509  0.016718  -2.920228
FT: -53.199805  0.016756  -2.923499
FT: -53.102101  0.016795  -2.926777
FT: -53.004397  0.016833  -2.930062
FT: -52.906693  0.016872  -2.933355
FT: -52.808989  0.016911  -2.936655
FT: -52.711285  0.016949  -2.939963
FT: -52.613581  0.016988  -2.943279
FT: -52.515877  0.017028  -2.946602
FT: -52.418173  0.017067  -2.949933
FT: -52.320469  0.017106  -2.953272
FT: -52.222765  0.017146  -2.956618
FT: -52.125061  0.017186  -2.959972
FT: -52.027357  0.017225  -2.963334
FT: -51.929653  0.017265  -2.966704
FT: -51.831949  0.017305  -2.970081
FT: -51.734245  0.017346  -2.973466
FT: -51.636541  0.017386  -2.976860
FT: -51.538837  0.017427  -2.980261
FT: -51.441133  0.017467  -2.983670
FT: -51.343429  0.017508  -2.987087
FT: -51.245725  0.017549  -2.990512
FT: -51.148021  0.017590  -2.993945
FT: -51.050318  0.017632  -2.997386
FT: -50.952614  0.017673  -3.000835
FT: -50.854910  0.017715  -3.004292
FT: -50.757206  0.017756  -3.007758
FT: -50.659502  0.017798  -3.011231
FT: -50.561798  0.017840  -3.014713
FT: -50.464094  0.017882  -3.018203
FT: -50.366390  0.017925  -3.021701
FT: -50.268686  0.017967  -3.025208
FT: -50.170982  0.018010  -3.028723
FT: -50.073278  0.018053  -3.032246
FT: -49.975574  0.018096  -3.035777
FT: -49.877870  0.018139  -3.039317
FT: -49.780166  0.018182  -3.042866
FT: -49.682462  0.018225  -3.046423
FT: -49.584758  0.018269  -3.049988
FT: -49.487054  0.018313  -3.053562
FT: -49.389350  0.018357  -3.057144
FT: -49.291646  0.018401  -3.060735
FT: -49.193942  0.018445  -3.064335
FT: -49.096238  0.018489  -3.067943
FT: -48.998534  0.018534  -3.071561
FT: -48.900830  0.018579  -3.075186
FT: -48.803127  0.018624  -3.078821
FT: -48.705423  0.018669  -3.082464
FT: -48.607719  0.018714  -3.086116
FT: -48.510015  0.018759  -3.089777
FT: -48.412311  0.018805  -3.093447
FT: -48.314607  0.018850  -3.097126
FT: -48.216903  0.018896  -3.100813
FT: -48.119199  0.018942  -3.104510
FT: -48.021495  0.018989  -3.108216
FT: -47.923791  0.019035  -3.111931
FT: -47.826087  0.019082  -3.115655
FT: -47.728383  0.019128  -3.119387
FT: -47.630679  0.019175  -3.123130
FT: -47.532975  0.019222  -3.126881
FT: -47.435271  0.019270  -3.130641
FT: -47.337567  0.019317  -3.134411
FT: -47.239863  0.019365  -3.138190
FT: -47.142159  0.019413  -3.141979
FT: -47.044455  0.019461  -3.145776
FT: -46.946751  0.019509  -3.149584
FT: -46.849047  0.019557  -3.153400
FT: -46.751343  0.019606  -3.157226
FT: -46.653639  0.019655  -3.161062
FT: -46.555936  0.019703  -3.164907
FT: -46.458232  0.019753  -3.168762
FT: -46.360528  0.019802  -3.172626
FT: -46.262824  0.019851  -3.176500
FT: -46.165120  0.019901  -3.180383
FT: -46.067416  0.019951  -3.184277
FT: -45.969712  0.020001  -3.188180
FT: -45.872008  0.020051  -3.192093
FT: -45.774304  0.020102  -3.196016
FT: -45.676600  0.020152  -3.199948
FT: -45.578896  0.020203  -3.203891
FT: -45.481192  0.020254  -3.207843
FT: -45.383488  0.020305  -3.211806
FT: -45.285784  0.020357  -3.215778
FT: -45.188080  0.020408  -3.219761
FT: -45.090376  0.020460  -3.223754
FT: -44.992672  0.020512  -3.227756
FT: -44.894968  0.020565  -3.231770
FT: -44.797264  0.020617  -3.235793
FT: -44.699560  0.020670  -3.239826
FT: -44.601856  0.020723  -3.243870
FT: -44.504152  0.020776  -3.247924
FT: -44.406448  0.020829  -3.251989
FT: -44.308745  0.020882  -3.256064
FT: -44.211041  0.020936  -3.260149
FT: -44.113337  0.020990  -3.264245
FT: -44.015633  0.021044  -3.268352
FT: -43.917929  0.021098  -3.272469
FT: -43.820225  0.021153  -3.276597
FT: -43.722521  0.021208  -3.280735
FT: -43.624817  0.021263  -3.284884
FT: -43.527113  0.021318  -3.289044
FT: -43.429409  0.021373  -3.293215
FT: -43.331705  0.021429  -3.297396
FT: -43.234001  0.021485  -3.301589
FT: -43.136297  0.021541  -3.305792
FT: -43.038593  0.021597  -3.310007
FT: -42.940889  0.021654  -3.314232
FT: -42.843185  0.021711  -3.318469
FT: -42.745481  0.021768  -3.322716
FT: -42.647777  0.021825  -3.326975
FT: -42.550073  0.021882  -3.331245
FT: -42.452369  0.021940  -3.335526
FT: -42.354665  0.021998  -3.339819
FT: -42.256961  0.022056  -3.344122
FT: -42.159257  0.022114  -3.348438
FT: -42.061553  0.022173  -3.352764
FT: -41.963850  0.022232  -3.357102
FT: -41.866146  0.022291  -3.361452
FT: -41.768442  0.022350  -3.365813
FT: -41.670738  0.022410  -3.370186
FT: -41.573034  0.022470  -3.374571
FT: -41.475330  0.022530  -3.378967
FT: -41.377626  0.022590  -3.383375
FT: -41.279922  0.022651  -3.387795
FT: -41.182218  0.022712  -3.392226
FT: -41.084514  0.022773  -3.396670
FT: -40.986810  0.022834  -3.401125
FT: -40.889106  0.022896  -3.405593
FT: -40.791402  0.022958  -3.410073
FT: -40.693698  0.023020  -3.414564
FT: -40.595994  0.023082  -3.419068
FT: -40.498290  0.023145  -3.423584
FT: -40.400586  0.023208  -3.428113
FT: -40.302882  0.023271  -3.432653
FT: -40.205178  0.023334  -3.437206
FT: -40.107474  0.023398  -3.441772
FT: -40.009770  0.023462  -3.446350
FT: -39.912066  0.023526  -3.450940
FT: -39.814362  0.023590  -3.455543
FT: -39.716659  0.023655  -3.460159
FT: -39.618955  0.023720  -3.464787
FT: -39.521251  0.023786  -3.469428
FT: -39.423547  0.023851  -3.474082
FT: -39.325843  0.023917  -3.478748
FT: -39.228139  0.023983  -3.483428
FT: -39.130435  0.024050  -3.488120
FT: -39.032731  0.024116  -3.492826
FT: -38.935027  0.024183  -3.497544
FT: -38.837323  0.024251  -3.502276
FT: -38.739619  0.024318  -3.507021
FT: -38.641915  0.024386  -3.511779
FT: -38.544211  0.024454  -3.516550
FT: -38.446507  0.024523  -3.521335
FT: -38.348803  0.024591  -3.526133
FT: -38.251099  0.024660  -3.530945
FT: -38.153395  0.024730  -3.535770
FT: -38.055691  0.024799  -3.540609
FT: -37.957987  0.024869  -3.545461
FT: -37.860283  0.024939  -3.550327
FT: -37.762579  0.025010  -3.555207
FT: -37.664875  0.025081  -3.560100
FT: -37.567171  0.025152  -3.565007
FT: -37.469468  0.025224  -3.569929
FT: -37.371764  0.025295  -3.574864
FT: -37.274060  0.025367  -3.579814
FT: -37.176356  0.025440  -3.584777
FT: -37.078652  0.025513  -3.589755
FT: -36.980948  0.025586  -3.594747
FT: -36.883244  0.025659  -3.599753
FT: -36.785540  0.025733  -3.604774
FT: -36.687836  0.025807  -3.609809
FT: -36.590132  0.025881  -3.614858
FT: -36.492428  0.025956  -3.619922
FT: -36.394724  0.026031  -3.625001
FT: -36.297020  0.026106  -3.630095
FT: -36.199316  0.026182  -3.635203
FT: -36.101612  0.026258  -3.640326
FT: -36.003908  0.026334  -3.645464
FT: -35.906204  0.026411  -3.650617
FT: -35.808500  0.026488  -3.655784
FT: -35.710796  0.026566  -3.660967
FT: -35.613092  0.026643  -3.666166
FT: -35.515388  0.026722  -3.671379
FT: -35.417684  0.026800  -3.676608
FT: -35.319980  0.026879  -3.681852
FT: -35.222277  0.026958  -3.687111
FT: -35.124573  0.027038  -3.692386
FT: -35.026869  0.027117  -3.697676
FT: -34.929165  0.027198  -3.702983
FT: -34.831461  0.027278  -3.708305
FT: -34.733757  0.027359  -3.713642
FT: -34.636053  0.027441  -3.718996
FT: -34.538349  0.027523  -3.724365
FT: -34.440645  0.027605  -3.729751
FT: -34.342941  0.027687  -3.735152
FT: -34.245237  0.027770  -3.740570
FT: -34.147533  0.027853  -3.746004
FT: -34.049829  0.027937  -3.751454
FT: -33.952125  0.028021  -3.756921
FT: -33.854421  0.028106  -3.762404
FT: -33.756717  0.028190  -3.767904
FT: -33.659013  0.028276  -3.773420
FT: -33.561309  0.028361  -3.778953
FT: -33.463605  0.028447  -3.784503
FT: -33.365901  0.028534  -3.790069
FT: -33.268197  0.028621  -3.795653
FT: -33.170493  0.028708  -3.801253
FT: -33.072789  0.028795  -3.806871
FT: -32.975085  0.028884  -3.812506
FT: -32.877382  0.028972  -3.818158
FT: -32.779678  0.029061  -3.823827
FT: -32.681974  0.029150  -3.829514
FT: -32.584270  0.029240  -3.835218
FT: -32.486566  0.029330  -3.840940
FT: -32.388862  0.029421  -3.846679
FT: -32.291158  0.029512  -3.852436
FT: -32.193454  0.029603  -3.858211
FT: -32.095750  0.029695  -3.864004
FT: -31.998046  0.029788  -3.869815
FT: -31.900342  0.029881  -3.875644
FT: -31.802638  0.029974  -3.881492
FT: -31.704934  0.030068  -3.887357
FT: -31.607230  0.030162  -3.893241
FT: -31.509526  0.030256  -3.899143
FT: -31.411822  0.030351  -3.905064
FT: -31.314118  0.030447  -3.911004
FT: -31.216414  0.030543  -3.916962
FT: -31.118710  0.030639  -3.922939
FT: -31.021006  0.030736  -3.928934
FT: -30.923302  0.030834  -3.934949
FT: -30.825598  0.030932  -3.940983
FT: -30.727894  0.031030  -3.947036
FT: -30.630191  0.031129  -3.953109
FT: -30.532487  0.031228  -3.959200
FT: -30.434783  0.031328  -3.965312
FT: -30.337079  0.031429  -3.971442
FT: -30.239375  0.031530  -3.977593
FT: -30.141671  0.031631  -3.983763
FT: -30.043967  0.031733  -3.989953
FT: -29.946263  0.031835  -3.996163
FT: -29.848559  0.031938  -4.002393
FT: -29.750855  0.032041  -4.008643
FT: -29.653151  0.032145  -4.014913
FT: -29.555447  0.032250  -4.021204
FT: -29.457743  0.032355  -4.027515
FT: -29.360039  0.032460  -4.033847
FT: -29.262335  0.032566  -4.040200
FT: -29.164631  0.032673  -4.046573
FT: -29.066927  0.032780  -4.052967
FT: -28.969223  0.032888  -4.059382
FT: -28.871519  0.032996  -4.065818
FT: -28.773815  0.033105  -4.072275
FT: -28.676111  0.033214  -4.078754
FT: -28.578407  0.033324  -4.085254
FT: -28.480703  0.033434  -4.091775
FT: -28.383000  0.033545  -4.098319
FT: -28.285296  0.033657  -4.104884
FT: -28.187592  0.033769  -4.111470
FT: -28.089888  0.033882  -4.118079
FT: -27.992184  0.033995  -4.124710
FT: -27.894480  0.034109  -4.131363
FT: -27.796776  0.034224  -4.138038
FT: -27.699072  0.034339  -4.144736
FT: -27.601368  0.034454  -4.151456
FT: -27.503664  0.034571  -4.158199
FT: -27.405960  0.034688  -4.164965
FT: -27.308256  0.034805  -4.171754
FT: -27.210552  0.034923  -4.178565
FT: -27.112848  0.035042  -4.185400
FT: -27.015144  0.035162  -4.192258
FT: -26.917440  0.035282  -4.199140
FT: -26.819736  0.035402  -4.206045
FT: -26.722032  0.035524  -4.212973
FT: -26.624328  0.035646  -4.219926
FT: -26.526624  0.035768  -4.226902
FT: -26.428920  0.035892  -4.233902
FT: -26.331216  0.036016  -4.240927
FT: -26.233512  0.036140  -4.247976
FT: -26.135809  0.036265  -4.255049
FT: -26.038105  0.036391  -4.262146
FT: -25.940401  0.036518  -4.269269
FT: -25.842697  0.036645  -4.276416
FT: -25.744993  0.036773  -4.283588
FT: -25.647289  0.036902  -4.290785
FT: -25.549585  0.037032  -4.298008
FT: -25.451881  0.037162  -4.305255
FT: -25.354177  0.037293  -4.312529
FT: -25.256473  0.037424  -4.319828
FT: -25.158769  0.037556  -4.327152
FT: -25.061065  0.037689  -4.334503
FT: -24.963361  0.037823  -4.341879
FT: -24.865657  0.037958  -4.349282
FT: -24.767953  0.038093  -4.356711
FT: -24.670249  0.038229  -4.364167
FT: -24.572545  0.038366  -4.371649
FT: -24.474841  0.038503  -4.379158
FT: -24.377137  0.038641  -4.386694
FT: -24.279433  0.038781  -4.394257
FT: -24.181729  0.038920  -4.401848
FT: -24.084025  0.039061  -4.409466
FT: -23.986321  0.039202  -4.417111
FT: -23.888617  0.039345  -4.424784
FT: -23.790914  0.039488  -4.432485
FT: -23.693210  0.039632  -4.440213
FT: -23.595506  0.039776  -4.447970
FT: -23.497802  0.039922  -4.455756
FT: -23.400098  0.040068  -4.463570
FT: -23.302394  0.040215  -4.471412
FT: -23.204690  0.040363  -4.479284
FT: -23.106986  0.040512  -4.487184
FT: -23.009282  0.040662  -4.495113
FT: -22.911578  0.040812  -4.503072
FT: -22.813874  0.040964  -4.511061
FT: -22.716170  0.041116  -4.519079
FT: -22.618466  0.041269  -4.527126
FT: -22.520762  0.041423  -4.535204
FT: -22.423058  0.041578  -4.543312
FT: -22.325354  0.041734  -4.551451
FT: -22.227650  0.041891  -4.559620
FT: -22.129946  0.042049  -4.567819
FT: -22.032242  0.042208  -4.576050
FT: -21.934538  0.042367  -4.584312
FT: -21.836834  0.042528  -4.592605
FT: -21.739130  0.042689  -4.600929
FT: -21.641426  0.042852  -4.609285
FT: -21.543723  0.043015  -4.617673
FT: -21.446019  0.043180  -4.626093
FT: -21.348315  0.043345  -4.634545
FT: -21.250611  0.043511  -4.643029
FT: -21.152907  0.043679  -4.651546
FT: -21.055203  0.043847  -4.660096
FT: -20.957499  0.044017  -4.668679
FT: -20.859795  0.044187  -4.677295
FT: -20.762091  0.044359  -4.685945
FT: -20.664387  0.044531  -4.694628
FT: -20.566683  0.044705  -4.703345
FT: -20.468979  0.044879  -4.712096
FT: -20.371275  0.045055  -4.720881
FT: -20.273571  0.045232  -4.729700
FT: -20.175867  0.045410  -4.738554
FT: -20.078163  0.045589  -4.747443
FT: -19.980459  0.045769  -4.756367
FT: -19.882755  0.045950  -4.765327
FT: -19.785051  0.046132  -4.774322
FT: -19.687347  0.046316  -4.783352
FT: -19.589643  0.046500  -4.792419
FT: -19.491939  0.046686  -4.801522
FT: -19.394235  0.046873  -4.810661
FT: -19.296532  0.047061  -4.819836
FT: -19.198828  0.047251  -4.829049
FT: -19.101124  0.047441  -4.838299
FT: -19.003420  0.047633  -4.847586
FT: -18.905716  0.047826  -4.856910
FT: -18.808012  0.048020  -4.866273
FT: -18.710308  0.048215  -4.875673
FT: -18.612604  0.048412  -4.885112
FT: -18.514900  0.048610  -4.894589
FT: -18.417196  0.048809  -4.904105
FT: -18.319492  0.049010  -4.913660
FT: -18.221788  0.049211  -4.923254
FT: -18.124084  0.049414  -4.932888
FT: -18.026380  0.049619  -4.942562
FT: -17.928676  0.049825  -4.952276
FT: -17.830972  0.050032  -4.962030
FT: -17.733268  0.050240  -4.971824
FT: -17.635564  0.050450  -4.981660
FT: -17.537860  0.050661  -4.991536
FT: -17.440156  0.050874  -5.001454
FT: -17.342452  0.051088  -5.011414
FT: -17.244748  0.051303  -5.021415
FT: -17.147044  0.051520  -5.031459
FT: -17.049340  0.051738  -5.041545
FT: -16.951637  0.051958  -5.051674
FT: -16.853933  0.052179  -5.061846
FT: -16.756229  0.052402  -5.072061
FT: -16.658525  0.052626  -5.082320
FT: -16.560821  0.052851  -5.092623
FT: -16.463117  0.053079  -5.102970
FT: -16.365413  0.053307  -5.113362
FT: -16.267709  0.053538  -5.123799
FT: -16.170005  0.053770  -5.134280
FT: -16.072301  0.054003  -5.144807
FT: -15.974597  0.054238  -5.155380
FT: -15.876893  0.054475  -5.165999
FT: -15.779189  0.054713  -5.176664
FT: -15.681485  0.054953  -5.187376
FT: -15.583781  0.055195  -5.198136
FT: -15.486077  0.055438  -5.208942
FT: -15.388373  0.055683  -5.219796
FT: -15.290669  0.055930  -5.230698
FT: -15.192965  0.056179  -5.241649
FT: -15.095261  0.056429  -5.252648
FT: -14.997557  0.056681  -5.263696
FT: -14.899853  0.056934  -5.274793
FT: -14.802149  0.057190  -5.285941
FT: -14.704446  0.057447  -5.297138
FT: -14.606742  0.057707  -5.308386
FT: -14.509038  0.057968  -5.319685
FT: -14.411334  0.058231  -5.331034
FT: -14.313630  0.058495  -5.342436
FT: -14.215926  0.058762  -5.353889
FT: -14.118222  0.059031  -5.365395
FT: -14.020518  0.059302  -5.376953
FT: -13.922814  0.059574  -5.388564
FT: -13.825110  0.059849  -5.400229
FT: -13.727406  0.060125  -5.411947
FT: -13.629702  0.060404  -5.423720
FT: -13.531998  0.060685  -5.435547
FT: -13.434294  0.060967  -5.447429
FT: -13.336590  0.061252  -5.459367
FT: -13.238886  0.061539  -5.471360
FT: -13.141182  0.061828  -5.483410
FT: -13.043478  0.062119  -5.495517
FT: -12.945774  0.062413  -5.507680
FT: -12.848070  0.062708  -5.519901
FT: -12.750366  0.063006  -5.532180
FT: -12.652662  0.063306  -5.544517
FT: -12.554958  0.063609  -5.556914
FT: -12.457255  0.063913  -5.569369
FT: -12.359551  0.064220  -5.581884
FT: -12.261847  0.064530  -5.594459
FT: -12.164143  0.064841  -5.607095
FT: -12.066439  0.065155  -5.619792
FT: -11.968735  0.065472  -5.632551
FT: -11.871031  0.065791  -5.645372
FT: -11.773327  0.066112  -5.658255
FT: -11.675623  0.066436  -5.671201
FT: -11.577919  0.066763  -5.684211
FT: -11.480215  0.067092  -5.697284
FT: -11.382511  0.067423  -5.710423
FT: -11.284807  0.067758  -5.723626
FT: -11.187103  0.068095  -5.736895
FT: -11.089399  0.068434  -5.750229
FT: -10.991695  0.068776  -5.763631
FT: -10.893991  0.069121  -5.777099
FT: -10.796287  0.069469  -5.790635
FT: -10.698583  0.069820  -5.804239
FT: -10.600879  0.070173  -5.817912
FT: -10.503175  0.070529  -5.831655
FT: -10.405471  0.070888  -5.845467
FT: -10.307767  0.071251  -5.859349
FT: -10.210064  0.071616  -5.873303
FT: -10.112360  0.071984  -5.887328
FT: -10.014656  0.072355  -5.901425
FT: -9.916952  0.072729  -5.915595
FT: -9.819248  0.073106  -5.929838
FT: -9.721544  0.073486  -5.944155
FT: -9.623840  0.073870  -5.958547
FT: -9.526136  0.074256  -5.973014
FT: -9.428432  0.074646  -5.987557
FT: -9.330728  0.075040  -6.002176
FT: -9.233024  0.075436  -6.016872
FT: -9.135320  0.075836  -6.031646
FT: -9.037616  0.076239  -6.046499
FT: -8.939912  0.076646  -6.061430
FT: -8.842208  0.077056  -6.076441
FT: -8.744504  0.077470  -6.091533
FT: -8.646800  0.077887  -6.106706
FT: -8.549096  0.078308  -6.121961
FT: -8.451392  0.078733  -6.137298
FT: -8.353688  0.079161  -6.152718
FT: -8.255984  0.079593  -6.168223
FT: -8.158280  0.080029  -6.183812
FT: -8.060576  0.080469  -6.199486
FT: -7.962872  0.080912  -6.215247
FT: -7.865169  0.081360  -6.231095
FT: -7.767465  0.081811  -6.247030
FT: -7.669761  0.082266  -6.263054
FT: -7.572057  0.082726  -6.279168
FT: -7.474353  0.083190  -6.295371
FT: -7.376649  0.083658  -6.311666
FT: -7.278945  0.084130  -6.328052
FT: -7.181241  0.084606  -6.344530
FT: -7.083537  0.085087  -6.361103
FT: -6.985833  0.085572  -6.377769
FT: -6.888129  0.086062  -6.394531
FT: -6.790425  0.086556  -6.411388
FT: -6.692721  0.087055  -6.428343
FT: -6.595017  0.087558  -6.445395
FT: -6.497313  0.088066  -6.462546
FT: -6.399609  0.088579  -6.479797
FT: -6.301905  0.089097  -6.497148
FT: -6.204201  0.089619  -6.514601
FT: -6.106497  0.090147  -6.532156
FT: -6.008793  0.090679  -6.549815
FT: -5.911089  0.091217  -6.567578
FT: -5.813385  0.091760  -6.585447
FT: -5.715681  0.092308  -6.603422
FT: -5.617978  0.092861  -6.621504
FT: -5.520274  0.093420  -6.639695
FT: -5.422570  0.093984  -6.657996
FT: -5.324866  0.094554  -6.676407
FT: -5.227162  0.095129  -6.694930
FT: -5.129458  0.095710  -6.713566
FT: -5.031754  0.096297  -6.732316
FT: -4.934050  0.096889  -6.751181
FT: -4.836346  0.097488  -6.770162
FT: -4.738642  0.098092  -6.789261
FT: -4.640938  0.098703  -6.808478
FT: -4.543234  0.099320  -6.827815
FT: -4.445530  0.099943  -6.847273
FT: -4.347826  0.100572  -6.866853
FT: -4.250122  0.101208  -6.886556
FT: -4.152418  0.101850  -6.906384
FT: -4.054714  0.102499  -6.926339
FT: -3.957010  0.103155  -6.946420
FT: -3.859306  0.103818  -6.966630
FT: -3.761602  0.104487  -6.986971
FT: -3.663898  0.105164  -7.007442
FT: -3.566194  0.105847  -7.028046
FT: -3.468490  0.106538  -7.048785
FT: -3.370787  0.107237  -7.069659
FT: -3.273083  0.107943  -7.090670
FT: -3.175379  0.108656  -7.111819
FT: -3.077675  0.109377  -7.133108
FT: -2.979971  0.110106  -7.154539
FT: -2.882267  0.110843  -7.176113
FT: -2.784563  0.111588  -7.197831
FT: -2.686859  0.112341  -7.219696
FT: -2.589155  0.113102  -7.241708
FT: -2.491451  0.113872  -7.263869
FT: -2.393747  0.114651  -7.286182
FT: -2.296043  0.115438  -7.308647
FT: -2.198339  0.116234  -7.331267
FT: -2.100635  0.117039  -7.354043
FT: -2.002931  0.117853  -7.376977
FT: -1.905227  0.118677  -7.400071
FT: -1.807523  0.119509  -7.423326
FT: -1.709819  0.120352  -7.446745
FT: -1.612115  0.121204  -7.470329
FT: -1.514411  0.122067  -7.494080
FT: -1.416707  0.122939  -7.518001
FT: -1.319003  0.123821  -7.542093
FT: -1.221299  0.124714  -7.566357
FT: -1.123596  0.125618  -7.590797
FT: -1.025892  0.126532  -7.615415
FT: -0.928188  0.127458  -7.640212
FT: -0.830484  0.128394  -7.665190
FT: -0.732780  0.129342  -7.690352
FT: -0.635076  0.130301  -7.715700
FT: -0.537372  0.131273  -7.741237
FT: -0.439668  0.132256  -7.766964
FT: -0.341964  0.133251  -7.792883
FT: -0.244260  0.134259  -7.818999
FT: -0.146556  0.135279  -7.845312
FT: -0.048852  0.136312  -7.871825
FT: 0.048852  0.137358  -7.898541
FT: 0.146556  0.138417  -7.925462
FT: 0.244260  0.139490  -7.952591
FT: 0.341964  0.140577  -7.979931
FT: 0.439668  0.141678  -8.007484
FT: 0.537372  0.142793  -8.035253
FT: 0.635076  0.143922  -8.063241
FT: 0.732780  0.145067  -8.091450
FT: 0.830484  0.146226  -8.119885
FT: 0.928188  0.147401  -8.148546
FT: 1.025892  0.148592  -8.177439
FT: 1.123596  0.149798  -8.206565
FT: 1.221299  0.151021  -8.235928
FT: 1.319003  0.152261  -8.265531
FT: 1.416707  0.153517  -8.295377
FT: 1.514411  0.154791  -8.325470
FT: 1.612115  0.156082  -8.355813
FT: 1.709819  0.157392  -8.386409
FT: 1.807523  0.158719  -8.417262
FT: 1.905227  0.160066  -8.448377
FT: 2.002931  0.161431  -8.479755
FT: 2.100635  0.162816  -8.511401
FT: 2.198339  0.164221  -8.543319
FT: 2.296043  0.165646  -8.575513
FT: 2.393747  0.167091  -8.607987
FT: 2.491451  0.168558  -8.640745
FT: 2.589155  0.170047  -8.673790
FT: 2.686859  0.171557  -8.707128
FT: 2.784563  0.173090  -8.740762
FT: 2.882267  0.174646  -8.774697
FT: 2.979971  0.176225  -8.808938
FT: 3.077675  0.177828  -8.843488
FT: 3.175379  0.179456  -8.878354
FT: 3.273083  0.181109  -8.913539
FT: 3.370787  0.182788  -8.949048
FT: 3.468490  0.184492  -8.984887
FT: 3.566194  0.186224  -9.021061
FT: 3.663898  0.187982  -9.057575
FT: 3.761602  0.189769  -9.094434
FT: 3.859306  0.191584  -9.131643
FT: 3.957010  0.193429  -9.169210
FT: 4.054714  0.195304  -9.207138
FT: 4.152418  0.197209  -9.245435
FT: 4.250122  0.199146  -9.284105
FT: 4.347826  0.201115  -9.323156
FT: 4.445530  0.203117  -9.362594
FT: 4.543234  0.205152  -9.402424
FT: 4.640938  0.207222  -9.442655
FT: 4.738642  0.209328  -9.483291
FT: 4.836346  0.211469  -9.524342
FT: 4.934050  0.213648  -9.565812
FT: 5.031754  0.215865  -9.607711
FT: 5.129458  0.218121  -9.650045
FT: 5.227162  0.220417  -9.692822
FT: 5.324866  0.222754  -9.736050
FT: 5.422570  0.225134  -9.779737
FT: 5.520274  0.227556  -9.823891
FT: 5.617978  0.230023  -9.868521
FT: 5.715681  0.232536  -9.913635
FT: 5.813385  0.235095  -9.959242
FT: 5.911089  0.237702  -10.005353
FT: 6.008793  0.240359  -10.051975
FT: 6.106497  0.243066  -10.099119
FT: 6.204201  0.245826  -10.146794
FT: 6.301905  0.248638  -10.195012
FT: 6.399609  0.251506  -10.243782
FT: 6.497313  0.254431  -10.293115
FT: 6.595017  0.257414  -10.343022
FT: 6.692721  0.260456  -10.393515
FT: 6.790425  0.263561  -10.444606
FT: 6.888129  0.266728  -10.496306
FT: 6.985833  0.269962  -10.548628
FT: 7.083537  0.273262  -10.601586
FT: 7.181241  0.276632  -10.655191
FT: 7.278945  0.280073  -10.709458
FT: 7.376649  0.283587  -10.764401
FT: 7.474353  0.287178  -10.820034
FT: 7.572057  0.290847  -10.876372
FT: 7.669761  0.294596  -10.933431
FT: 7.767465  0.298429  -10.991226
FT: 7.865169  0.302348  -11.049773
FT: 7.962872  0.306355  -11.109090
FT: 8.060576  0.310454  -11.169194
FT: 8.158280  0.314648  -11.230103
FT: 8.255984  0.318940  -11.291835
FT: 8.353688  0.323333  -11.354410
FT: 8.451392  0.327830  -11.417847
FT: 8.549096  0.332436  -11.482168
FT: 8.646800  0.337154  -11.547393
FT: 8.744504  0.341988  -11.613544
FT: 8.842208  0.346942  -11.680644
FT: 8.939912  0.352020  -11.748717
FT: 9.037616  0.357227  -11.817786
FT: 9.135320  0.362568  -11.887878
FT: 9.233024  0.368048  -11.959018
FT: 9.330728  0.373671  -12.031234
FT: 9.428432  0.379444  -12.104553
FT: 9.526136  0.385371  -12.179006
FT: 9.623840  0.391460  -12.254622
FT: 9.721544  0.397716  -12.331433
FT: 9.819248  0.404146  -12.409471
FT: 9.916952  0.410757  -12.488771
FT: 10.014656  0.417557  -12.569369
FT: 10.112360  0.424552  -12.651300
FT: 10.210064  0.431752  -12.734604
FT: 10.307767  0.439165  -12.819320
FT: 10.405471  0.446799  -12.905490
FT: 10.503175  0.454666  -12.993158
FT: 10.600879  0.462774  -13.082369
FT: 10.698583  0.471134  -13.173169
FT: 10.796287  0.479758  -13.265608
FT: 10.893991  0.488658  -13.359739
FT: 10.991695  0.497846  -13.455614
FT: 11.089399  0.507336  -13.553289
FT: 11.187103  0.517143  -13.652825
FT: 11.284807  0.527280  -13.754282
FT: 11.382511  0.537765  -13.857725
FT: 11.480215  0.548615  -13.963223
FT: 11.577919  0.559847  -14.070844
FT: 11.675623  0.571481  -14.180666
FT: 11.773327  0.583538  -14.292765
FT: 11.871031  0.596040  -14.407223
FT: 11.968735  0.609010  -14.524129
FT: 12.066439  0.622474  -14.643572
FT: 12.164143  0.636459  -14.765648
FT: 12.261847  0.650992  -14.890458
FT: 12.359551  0.666106  -15.018110
FT: 12.457255  0.681833  -15.148715
FT: 12.554958  0.698209  -15.282393
FT: 12.652662  0.715271  -15.419268
FT: 12.750366  0.733063  -15.559475
FT: 12.848070  0.751626  -15.703153
FT: 12.945774  0.771010  -15.850452
FT: 13.043478  0.791267  -16.001530
FT: 13.141182  0.812451  -16.156556
FT: 13.238886  0.834624  -16.315708
FT: 13.336590  0.857851  -16.479176
FT: 13.434294  0.882204  -16.647164
FT: 13.531998  0.907760  -16.819886
FT: 13.629702  0.934603  -16.997573
FT: 13.727406  0.962825  -17.180473
FT: 13.825110  0.992527  -17.368848
FT: 13.922814  1.023818  -17.562980
FT: 14.020518  1.056819  -17.763173
FT: 14.118222  1.091663  -17.969752
FT: 14.215926  1.128494  -18.183066
FT: 14.313630  1.167472  -18.403491
FT: 14.411334  1.208775  -18.631432
FT: 14.509038  1.252597  -18.867329
FT: 14.606742  1.299155  -19.111654
FT: 14.704446  1.348689  -19.364920
FT: 14.802149  1.401468  -19.627684
FT: 14.899853  1.457789  -19.900548
FT: 14.997557  1.517987  -20.184171
FT: 15.095261  1.582436  -20.479269
FT: 15.192965  1.651556  -20.786623
FT: 15.290669  1.725822  -21.107090
FT: 15.388373  1.805770  -21.441607
FT: 15.486077  1.892007  -21.791204
FT: 15.583781  1.985226  -22.157014
FT: 15.681485  2.086215  -22.540284
FT: 15.779189  2.195878  -22.942396
FT: 15.876893  2.315252  -23.364877
FT: 15.974597  2.445536  -23.809421
FT: 16.072301  2.588117  -24.277913
FT: 16.170005  2.744609  -24.772453
FT: 16.267709  2.916897  -25.295387
FT: 16.365413  3.107193  -25.849339
FT: 16.463117  3.318110  -26.437254
FT: 16.560821  3.552741  -27.062440
FT: 16.658525  3.814779  -27.728621
FT: 16.756229  4.108651  -28.439996
FT: 16.853933  4.439699  -29.201301
FT: 16.951637  4.814412  -30.017883
FT: 17.049340  5.240725  -30.895771
FT: 17.147044  5.728415  -31.841751
FT: 17.244748  6.289616  -32.863426
FT: 17.342452  6.939511  -33.969248
FT: 17.440156  7.697253  -35.168489
FT: 17.537860  8.587212  -36.471092
FT: 17.635564  9.640660  -37.887303
FT: 17.733268  10.898063  -39.426908
FT: 17.830972  12.412193  -41.097751
FT: 17.928676  14.252317  -42.902995
FT: 18.026380  16.509695  -44.836132
FT: 18.124084  19.304462  -46.872043
FT: 18.221788  22.793223  -48.951189
FT: 18.319492  27.174779  -50.952186
FT: 18.417196  32.686455  -52.646026
FT: 18.514900  39.572604  -53.625552
FT: 18.612604  47.986848  -53.215588
FT: 18.710308  57.767981  -50.415130
FT: 18.808012  68.060381  -44.031040
FT: 18.905716  76.971651  -33.266559
FT: 19.003420  81.890245  -18.755669
FT: 19.101124  80.949337  -3.078253
FT: 19.198828  74.534868  10.455351
FT: 19.296532  64.948014  19.830249
FT: 19.394235  54.682036  24.967413
FT: 19.491939  45.293917  26.884883
FT: 19.589643  37.376925  26.752660
FT: 19.687347  30.960443  25.471107
FT: 19.785051  25.845878  23.622504
FT: 19.882755  21.784744  21.549506
FT: 19.980459  18.550177  19.441322
FT: 20.078163  15.956791  17.396186
FT: 20.175867  13.860127  15.460620
FT: 20.273571  12.149854  13.652617
FT: 20.371275  10.742247  11.974901
FT: 20.468979  9.573715  10.422398
FT: 20.566683  8.595730  8.986381
FT: 20.664387  7.770999  7.656740
FT: 20.762091  7.070638  6.423196
FT: 20.859795  6.472085  5.275912
FT: 20.957499  5.957568  4.205784
FT: 21.055203  5.512969  3.204537
FT: 21.152907  5.126985  2.264736
FT: 21.250611  4.790497  1.379739
FT: 21.348315  4.496092  0.543631
FT: 21.446019  4.237706  -0.248849
FT: 21.543723  4.010344  -1.002384
FT: 21.641426  3.809868  -1.721146
FT: 21.739130  3.632832  -2.408860
FT: 21.836834  3.476350  -3.068861
FT: 21.934538  3.337995  -3.704145
FT: 22.032242  3.215719  -4.317410
FT: 22.129946  3.107784  -4.911097
FT: 22.227650  3.012713  -5.487422
FT: 22.325354  2.929250  -6.048408
FT: 22.423058  2.856319  -6.595905
FT: 22.520762  2.793005  -7.131619
FT: 22.618466  2.738522  -7.657125
FT: 22.716170  2.692202  -8.173891
FT: 22.813874  2.653476  -8.683288
FT: 22.911578  2.621860  -9.186606
FT: 23.009282  2.596950  -9.685065
FT: 23.106986  2.578407  -10.179827
FT: 23.204690  2.565953  -10.672006
FT: 23.302394  2.559367  -11.162676
FT: 23.400098  2.558476  -11.652880
FT: 23.497802  2.563156  -12.143638
FT: 23.595506  2.573326  -12.635956
FT: 23.693210  2.588948  -13.130828
FT: 23.790914  2.610022  -13.629249
FT: 23.888617  2.636592  -14.132217
FT: 23.986321  2.668738  -14.640744
FT: 24.084025  2.706584  -15.155858
FT: 24.181729  2.750294  -15.678615
FT: 24.279433  2.800075  -16.210100
FT: 24.377137  2.856181  -16.751442
FT: 24.474841  2.918915  -17.303815
FT: 24.572545  2.988633  -17.868451
FT: 24.670249  3.065747  -18.446646
FT: 24.767953  3.150738  -19.039773
FT: 24.865657  3.244152  -19.649291
FT: 24.963361  3.346619  -20.276756
FT: 25.061065  3.458857  -20.923837
FT: 25.158769  3.581683  -21.592330
FT: 25.256473  3.716033  -22.284173
FT: 25.354177  3.862973  -23.001467
FT: 25.451881  4.023722  -23.746496
FT: 25.549585  4.199673  -24.521749
FT: 25.647289  4.392427  -25.329954
FT: 25.744993  4.603821  -26.174101
FT: 25.842697  4.835971  -27.057484
FT: 25.940401  5.091327  -27.983737
FT: 26.038105  5.372727  -28.956885
FT: 26.135809  5.683475  -29.981395
FT: 26.233512  6.027433  -31.062243
FT: 26.331216  6.409134  -32.204977
FT: 26.428920  6.833921  -33.415807
FT: 26.526624  7.308125  -34.701697
FT: 26.624328  7.839289  -36.070469
FT: 26.722032  8.436441  -37.530932
FT: 26.819736  9.110465  -39.093012
FT: 26.917440  9.874550  -40.767904
FT: 27.015144  10.744795  -42.568236
FT: 27.112848  11.740989  -44.508224
FT: 27.210552  12.887632  -46.603822
FT: 27.308256  14.215297  -48.872819
FT: 27.405960  15.762450  -51.334832
FT: 27.503664  17.577889  -54.011091
FT: 27.601368  19.724055  -56.923843
FT: 27.699072  22.281518  -60.095038
FT: 27.796776  25.355086  -63.543757
FT: 27.894480  29.082046  -67.281379
FT: 27.992184  33.643122  -71.302735
FT: 28.089888  39.276470  -75.570188
FT: 28.187592  46.294044  -79.985331
FT: 28.285296  55.096642  -84.339490
FT: 28.383000  66.176043  -88.229738
FT: 28.480703  80.074416  -90.924815
FT: 28.578407  97.234638  -91.178600
FT: 28.676111  117.623580  -87.055138
FT: 28.773815  140.012680  -76.014921
FT: 28.871519  161.097981  -55.791473
FT: 28.969223  175.491821  -26.417972
FT: 29.066927  178.082780  7.877725
FT: 29.164631  167.819020  39.908063
FT: 29.262335  148.626796  63.905941
FT: 29.360039  126.214426  78.324189
FT: 29.457743  104.800325  84.823967
FT: 29.555447  86.329536  86.006841
FT: 29.653151  71.195676  84.083136
FT: 29.750855  59.079068  80.552589
FT: 29.848559  49.449042  76.322639
FT: 29.946263  41.785358  71.904909
FT: 30.043967  35.650650  67.571273
FT: 30.141671  30.699843  63.455632
FT: 30.239375  26.668056  59.614998
FT: 30.337079  23.354031  56.064771
FT: 30.434783  20.605033  52.798677
FT: 30.532487  18.304721  49.799909
FT: 30.630191  16.363912  47.047255
FT: 30.727894  14.713711  44.518401
FT: 30.825598  13.300448  42.191646
FT: 30.923302  12.081956  40.046735
FT: 31.021006  11.024825  38.065190
FT: 31.118710  10.102359  36.230386
FT: 31.216414  9.293061  34.527483
FT: 31.314118  8.579487  32.943294
FT: 31.411822  7.947379  31.466129
FT: 31.509526  7.385000  30.085631
FT: 31.607230  6.882630  28.792624
FT: 31.704934  6.432168  27.578970
FT: 31.802638  6.026819  26.437438
FT: 31.900342  5.660859  25.361600
FT: 31.998046  5.329436  24.345721
FT: 32.095750  5.028416  23.384681
FT: 32.193454  4.754266  22.473896
FT: 32.291158  4.503948  21.609254
FT: 32.388862  4.274839  20.787057
FT: 32.486566  4.064669  20.003972
FT: 32.584270  3.871463  19.256989
FT: 32.681974  3.693496  18.543385
FT: 32.779678  3.529258  17.860688
FT: 32.877382  3.377423  17.206654
FT: 32.975085  3.236822  16.579236
FT: 33.072789  3.106421  15.976567
FT: 33.170493  2.985304  15.396941
FT: 33.268197  2.872657  14.838794
FT: 33.365901  2.767754  14.300688
FT: 33.463605  2.669947  13.781305
FT: 33.561309  2.578657  13.279428
FT: 33.659013  2.493361  12.793933
FT: 33.756717  2.413594  12.323783
FT: 33.854421  2.338932  11.868017
FT: 33.952125  2.268995  11.425742
FT: 34.049829  2.203440  10.996129
FT: 34.147533  2.141953  10.578408
FT: 34.245237  2.084254  10.171859
FT: 34.342941  2.030083  9.775811
FT: 34.440645  1.979209  9.389634
FT: 34.538349  1.931418  9.012742
FT: 34.636053  1.886515  8.644581
FT: 34.733757  1.844323  8.284633
FT: 34.831461  1.804681  7.932410
FT: 34.929165  1.767439  7.587450
FT: 35.026869  1.732462  7.249319
FT: 35.124573  1.699625  6.917606
FT: 35.222277  1.668815  6.591921
FT: 35.319980  1.639927  6.271893
FT: 35.417684  1.612864  5.957172
FT: 35.515388  1.587539  5.647423
FT: 35.613092  1.563872  5.342325
FT: 35.710796  1.541787  5.041574
FT: 35.808500  1.521218  4.744878
FT: 35.906204  1.502102  4.451956
FT: 36.003908  1.484382  4.162538
FT: 36.101612  1.468007  3.876365
FT: 36.199316  1.452930  3.593188
FT: 36.297020  1.439108  3.312762
FT: 36.394724  1.426501  3.034855
FT: 36.492428  1.415076  2.759239
FT: 36.590132  1.404800  2.485691
FT: 36.687836  1.395647  2.213995
FT: 36.785540  1.387590  1.943941
FT: 36.883244  1.380610  1.675322
FT: 36.980948  1.374686  1.407934
FT: 37.078652  1.369804  1.141577
FT: 37.176356  1.365951  0.876053
FT: 37.274060  1.363117  0.611168
FT: 37.371764  1.361294  0.346727
FT: 37.469468  1.360478  0.082538
FT: 37.567171  1.360666  -0.181591
FT: 37.664875  1.361859  -0.445852
FT: 37.762579  1.364061  -0.710437
FT: 37.860283  1.367276  -0.975539
FT: 37.957987  1.371514  -1.241352
FT: 38.055691  1.376785  -1.508073
FT: 38.153395  1.383103  -1.775899
FT: 38.251099  1.390484  -2.045033
FT: 38.348803  1.398950  -2.315677
FT: 38.446507  1.408521  -2.588042
FT: 38.544211  1.419224  -2.862341
FT: 38.641915  1.431088  -3.138790
FT: 38.739619  1.444147  -3.417614
FT: 38.837323  1.458435  -3.699044
FT: 38.935027  1.473993  -3.983316
FT: 39.032731  1.490867  -4.270676
FT: 39.130435  1.509104  -4.561377
FT: 39.228139  1.528758  -4.855682
FT: 39.325843  1.549888  -5.153865
FT: 39.423547  1.572558  -5.456211
FT: 39.521251  1.596838  -5.763017
FT: 39.618955  1.622804  -6.074593
FT: 39.716659  1.650541  -6.391263
FT: 39.814362  1.680138  -6.713370
FT: 39.912066  1.711696  -7.041272
FT: 40.009770  1.745321  -7.375345
FT: 40.107474  1.781132  -7.715987
FT: 40.205178  1.819258  -8.063618
FT: 40.302882  1.859838  -8.418683
FT: 40.400586  1.903026  -8.781652
FT: 40.498290  1.948991  -9.153025
FT: 40.595994  1.997915  -9.533332
FT: 40.693698  2.049999  -9.923139
FT: 40.791402  2.105464  -10.323050
FT: 40.889106  2.164552  -10.733707
FT: 40.986810  2.227530  -11.155800
FT: 41.084514  2.294690  -11.590068
FT: 41.182218  2.366357  -12.037302
FT: 41.279922  2.442887  -12.498354
FT: 41.377626  2.524675  -12.974141
FT: 41.475330  2.612161  -13.465654
FT: 41.573034  2.705831  -13.973959
FT: 41.670738  2.806228  -14.500215
FT: 41.768442  2.913955  -15.045676
FT: 41.866146  3.029688  -15.611703
FT: 41.963850  3.154186  -16.199779
FT: 42.061553  3.288299  -16.811521
FT: 42.159257  3.432985  -17.448692
FT: 42.256961  3.589326  -18.113225
FT: 42.354665  3.758548  -18.807237
FT: 42.452369  3.942042  -19.533055
FT: 42.550073  4.141395  -20.293243
FT: 42.647777  4.358421  -21.090626
FT: 42.745481  4.595199  -21.928331
FT: 42.843185  4.854127  -22.809822
FT: 42.940889  5.137972  -23.738946
FT: 43.038593  5.449949  -24.719986
FT: 43.136297  5.793804  -25.757719
FT: 43.234001  6.173922  -26.857485
FT: 43.331705  6.595465  -28.025268
FT: 43.429409  7.064532  -29.267787
FT: 43.527113  7.588376  -30.592596
FT: 43.624817  8.175666  -32.008209
FT: 43.722521  8.836826  -33.524226
FT: 43.820225  9.584471  -35.151486
FT: 43.917929  10.433966  -36.902221
FT: 44.015633  11.404161  -38.790221
FT: 44.113337  12.518352  -40.830981
FT: 44.211041  13.805548  -43.041818
FT: 44.308745  15.302172  -45.441898
FT: 44.406448  17.054337  -48.052076
FT: 44.504152  19.120923  -50.894417
FT: 44.601856  21.577754  -53.991089
FT: 44.699560  24.523278  -57.362156
FT: 44.797264  28.086256  -61.021402
FT: 44.894968  32.436031  -64.968646
FT: 44.992672  37.795810  -69.175867
FT: 45.090376  44.458642  -73.562461
FT: 45.188080  52.803405  -77.951771
FT: 45.285784  63.301761  -81.996655
FT: 45.383488  76.491898  -85.058401
FT: 45.481192  92.863272  -86.030680
FT: 45.578896  112.546230  -83.148788
FT: 45.676600  134.676294  -73.976477
FT: 45.774304  156.498790  -56.040193
FT: 45.872008  173.008544  -28.610364
FT: 45.969712  178.683406  5.123343
FT: 46.067416  171.254373  38.334905
FT: 46.165120  153.654321  64.528488
FT: 46.262824  131.538813  81.133816
FT: 46.360528  109.640605  89.267330
FT: 46.458232  90.402463  91.476184
FT: 46.555936  74.498957  90.119707
FT: 46.653639  61.720144  86.862574
FT: 46.751343  51.557091  82.733889
FT: 46.849047  43.476865  78.322416
FT: 46.946751  37.020310  73.945530
FT: 47.044455  31.821287  69.762905
FT: 47.142159  27.597489  65.845742
FT: 47.239863  24.134123  62.216997
FT: 47.337567  21.268230  58.874238
FT: 47.435271  18.875829  55.802425
FT: 47.532975  16.862039  52.980986
FT: 47.630679  15.153707  50.387641
FT: 47.728383  13.693964  48.000419
FT: 47.826087  12.438220  45.798649
FT: 47.923791  11.351218  43.763389
FT: 48.021495  10.404847  41.877546
FT: 48.119199  9.576513  40.125831
FT: 48.216903  8.847917  38.494642
FT: 48.314607  8.204130  36.971910
FT: 48.412311  7.632891  35.546931
FT: 48.510015  7.124058  34.210216
FT: 48.607719  6.669198  32.953341
FT: 48.705423  6.261253  31.768820
FT: 48.803127  5.894285  30.649984
FT: 48.900830  5.563273  29.590881
FT: 48.998534  5.263951  28.586185
FT: 49.096238  4.992678  27.631121
FT: 49.193942  4.746335  26.721395
FT: 49.291646  4.522236  25.853132
FT: 49.389350  4.318065  25.022832
FT: 49.487054  4.131813  24.227320
FT: 49.584758  3.961738  23.463707
FT: 49.682462  3.806321  22.729359
FT: 49.780166  3.664237  22.021866
FT: 49.877870  3.534326  21.339016
FT: 49.975574  3.415573  20.678772
FT: 50.073278  3.307090  20.039250
FT: 50.170982  3.208097  19.418704
FT: 50.268686  3.117910  18.815510
FT: 50.366390  3.035934  18.228149
FT: 50.464094  2.961645  17.655195
FT: 50.561798  2.894592  17.095306
FT: 50.659502  2.834382  16.547210
FT: 50.757206  2.780681  16.009700
FT: 50.854910  2.733204  15.481617
FT: 50.952614  2.691715  14.961852
FT: 51.050318  2.656023  14.449330
FT: 51.148021  2.625980  13.943007
FT: 51.245725  2.601478  13.441862
FT: 51.343429  2.582452  12.944888
FT: 51.441133  2.568873  12.451091
FT: 51.538837  2.560755  11.959475
FT: 51.636541  2.558152  11.469043
FT: 51.734245  2.561161  10.978784
FT: 51.831949  2.569925  10.487672
FT: 51.929653  2.584633  9.994653
FT: 52.027357  2.605529  9.498637
FT: 52.125061  2.632910  8.998495
FT: 52.222765  2.667141  8.493045
FT: 52.320469  2.708654  7.981039
FT: 52.418173  2.757963  7.461161
FT: 52.515877  2.815673  6.932004
FT: 52.613581  2.882495  6.392063
FT: 52.711285  2.959260  5.839715
FT: 52.808989  3.046941  5.273203
FT: 52.906693  3.146678  4.690613
FT: 53.004397  3.259805  4.089856
FT: 53.102101  3.387892  3.468633
FT: 53.199805  3.532785  2.824411
FT: 53.297509  3.696668  2.154386
FT: 53.395213  3.882128  1.455440
FT: 53.492916  4.092249  0.724097
FT: 53.590620  4.330718  -0.043528
FT: 53.688324  4.601973  -0.851790
FT: 53.786028  4.911383  -1.705581
FT: 53.883732  5.265481  -2.610399
FT: 53.981436  5.672271  -3.572423
FT: 54.079140  6.141629  -4.598584
FT: 54.176844  6.685830  -5.696630
FT: 54.274548  7.320249  -6.875152
FT: 54.372252  8.064304  -8.143547
FT: 54.469956  8.942721  -9.511866
FT: 54.567660  9.987258  -10.990420
FT: 54.665364  11.239043  -12.588987
FT: 54.763068  12.751741  -14.315268
FT: 54.860772  14.595825  -16.172037
FT: 54.958476  16.864167  -18.151964
FT: 55.056180  19.678990  -20.228333
FT: 55.153884  23.199459  -22.338653
FT: 55.251588  27.627106  -24.356279
FT: 55.349292  33.201085  -26.043200
FT: 55.446996  40.163846  -26.977858
FT: 55.544700  48.657208  -26.465004
FT: 55.642404  58.488159  -23.483896
FT: 55.740107  68.741899  -16.843005
FT: 55.837811  77.458754  -5.804402
FT: 55.935515  82.020269  8.874211
FT: 56.033219  80.670920  24.509812
FT: 56.130923  73.953815  37.819609
FT: 56.228627  64.236968  46.915142
FT: 56.326331  53.973930  51.821044
FT: 56.424035  44.652069  53.588673
FT: 56.521739  36.815657  53.377909
FT: 56.619443  30.471089  52.067798
FT: 56.717147  25.412678  50.222472
FT: 56.814851  21.391941  48.172376
FT: 56.912555  18.184389  46.099314
FT: 57.010259  15.607372  44.097266
FT: 57.107963  13.518828  42.210402
FT: 57.205667  11.810329  40.455459
FT: 57.303371  10.399597  38.834532
FT: 57.401075  9.224122  37.342266
FT: 57.498779  8.236172  35.969853
FT: 57.596483  7.399045  34.707207
FT: 57.694187  6.684290  33.544133
FT: 57.791891  6.069663  32.470910
FT: 57.889595  5.537627  31.478565
FT: 57.987298  5.074236  30.558965
FT: 58.085002  4.668309  29.704820
FT: 58.182706  4.310816  28.909635
FT: 58.280410  3.994402  28.167646
FT: 58.378114  3.713040  27.473744
FT: 58.475818  3.461755  26.823401
FT: 58.573522  3.236415  26.212604
FT: 58.671226  3.033565  25.637792
FT: 58.768930  2.850305  25.095799
FT: 58.866634  2.684181  24.583805
FT: 58.964338  2.533111  24.099294
FT: 59.062042  2.395318  23.640016
FT: 59.159746  2.269277  23.203956
FT: 59.257450  2.153675  22.789303
FT: 59.355154  2.047379  22.394427
FT: 59.452858  1.949403  22.017859
FT: 59.550562  1.858889  21.658269
FT: 59.648266  1.775087  21.314454
FT: 59.745970  1.697337  20.985321
FT: 59.843674  1.625060  20.669876
FT: 59.941378  1.557744  20.367214
FT: 60.039082  1.494936  20.076508
FT: 60.136786  1.436233  19.797000
FT: 60.234489  1.381278  19.527997
FT: 60.332193  1.329749  19.268864
FT: 60.429897  1.281360  19.019013
FT: 60.527601  1.235855  18.777906
FT: 60.625305  1.193002  18.545046
FT: 60.723009  1.152593  18.319973
FT: 60.820713  1.114439  18.102260
FT: 60.918417  1.078372  17.891515
FT: 61.016121  1.044235  17.687371
FT: 61.113825  1.011890  17.489487
FT: 61.211529  0.981208  17.297548
FT: 61.309233  0.952074  17.111258
FT: 61.406937  0.924380  16.930343
FT: 61.504641  0.898030  16.754546
FT: 61.602345  0.872935  16.583625
FT: 61.700049  0.849013  16.417357
FT: 61.797753  0.826190  16.255531
FT: 61.895457  0.804395  16.097948
FT: 61.993161  0.783565  15.944422
FT: 62.090865  0.763642  15.794780
FT: 62.188569  0.744571  15.648857
FT: 62.286273  0.726303  15.506498
FT: 62.383977  0.708790  15.367557
FT: 62.481681  0.691989  15.231896
FT: 62.579384  0.675861  15.099385
FT: 62.677088  0.660368  14.969901
FT: 62.774792  0.645476  14.843327
FT: 62.872496  0.631152  14.719554
FT: 62.970200  0.617366  14.598477
FT: 63.067904  0.604090  14.479997
FT: 63.165608  0.591298  14.364019
FT: 63.263312  0.578966  14.250455
FT: 63.361016  0.567070  14.139220
FT: 63.458720  0.555589  14.030233
FT: 63.556424  0.544502  13.923416
FT: 63.654128  0.533791  13.818697
FT: 63.751832  0.523439  13.716007
FT: 63.849536  0.513427  13.615277
FT: 63.947240  0.503741  13.516446
FT: 64.044944  0.494366  13.419453
FT: 64.142648  0.485287  13.324238
FT: 64.240352  0.476492  13.230748
FT: 64.338056  0.467969  13.138929
FT: 64.435760  0.459704  13.048731
FT: 64.533464  0.451688  12.960104
FT: 64.631168  0.443910  12.873004
FT: 64.728872  0.436359  12.787384
FT: 64.826575  0.429028  12.703202
FT: 64.924279  0.421905  12.620417
FT: 65.021983  0.414984  12.538990
FT: 65.119687  0.408256  12.458884
FT: 65.217391  0.401714  12.380061
FT: 65.315095  0.395350  12.302487
FT: 65.412799  0.389158  12.226128
FT: 65.510503  0.383130  12.150952
FT: 65.608207  0.377261  12.076927
FT: 65.705911  0.371545  12.004025
FT: 65.803615  0.365976  11.932216
FT: 65.901319  0.360549  11.861472
FT: 65.999023  0.355259  11.791767
FT: 66.096727  0.350101  11.723074
FT: 66.194431  0.345070  11.655369
FT: 66.292135  0.340161  11.588627
FT: 66.389839  0.335372  11.522826
FT: 66.487543  0.330696  11.457943
FT: 66.585247  0.326131  11.393956
FT: 66.682951  0.321673  11.330844
FT: 66.780655  0.317319  11.268588
FT: 66.878359  0.313064  11.207166
FT: 66.976063  0.308906  11.146562
FT: 67.073766  0.304842  11.086755
FT: 67.171470  0.300868  11.027729
FT: 67.269174  0.296982  10.969465
FT: 67.366878  0.293180  10.911948
FT: 67.464582  0.289461  10.855162
FT: 67.562286  0.285822  10.799090
FT: 67.659990  0.282260  10.743717
FT: 67.757694  0.278774  10.689030
FT: 67.855398  0.275360  10.635012
FT: 67.953102  0.272016  10.581652
FT: 68.050806  0.268741  10.528934
FT: 68.148510  0.265533  10.476846
FT: 68.246214  0.262389  10.425376
FT: 68.343918  0.259308  10.374511
FT: 68.441622  0.256288  10.324239
FT: 68.539326  0.253328  10.274548
FT: 68.637030  0.250424  10.225427
FT: 68.734734  0.247577  10.176866
FT: 68.832438  0.244785  10.128853
FT: 68.930142  0.242045  10.081378
FT: 69.027846  0.239357  10.034431
FT: 69.125550  0.236719  9.988002
FT: 69.223254  0.234130  9.942081
FT: 69.320957  0.231588  9.896660
FT: 69.418661  0.229093  9.851728
FT: 69.516365  0.226643  9.807278
FT: 69.614069  0.224236  9.763300
FT: 69.711773  0.221873  9.719786
FT: 69.809477  0.219551  9.676728
FT: 69.907181  0.217271  9.634118
FT: 70.004885  0.215029  9.591949
FT: 70.102589  0.212827  9.550211
FT: 70.200293  0.210662  9.508899
FT: 70.297997  0.208534  9.468005
FT: 70.395701  0.206442  9.427521
FT: 70.493405  0.204385  9.387441
FT: 70.591109  0.202362  9.347759
FT: 70.688813  0.200373  9.308467
FT: 70.786517  0.198416  9.269560
FT: 70.884221  0.196491  9.231030
FT: 70.981925  0.194597  9.192872
FT: 71.079629  0.192734  9.155080
FT: 71.177333  0.190900  9.117648
FT: 71.275037  0.189096  9.080571
FT: 71.372741  0.187320  9.043842
FT: 71.470445  0.185571  9.007456
FT: 71.568149  0.183850  8.971409
FT: 71.665852  0.182155  8.935694
FT: 71.763556  0.180486  8.900306
FT: 71.861260  0.178843  8.865242
FT: 71.958964  0.177224  8.830495
FT: 72.056668  0.175630  8.796061
FT: 72.154372  0.174060  8.761936
FT: 72.252076  0.172512  8.728114
FT: 72.349780  0.170988  8.694592
FT: 72.447484  0.169486  8.661364
FT: 72.545188  0.168006  8.628427
FT: 72.642892  0.166547  8.595776
FT: 72.740596  0.165109  8.563408
FT: 72.838300  0.163692  8.531318
FT: 72.936004  0.162294  8.499502
FT: 73.033708  0.160917  8.467957
FT: 73.131412  0.159559  8.436678
FT: 73.229116  0.158219  8.405662
FT: 73.326820  0.156899  8.374905
FT: 73.424524  0.155596  8.344405
FT: 73.522228  0.154311  8.314156
FT: 73.619932  0.153044  8.284156
FT: 73.717636  0.151794  8.254401
FT: 73.815340  0.150561  8.224889
FT: 73.913043  0.149344  8.195615
FT: 74.010747  0.148143  8.166577
FT: 74.108451  0.146959  8.137771
FT: 74.206155  0.145790  8.109195
FT: 74.303859  0.144636  8.080846
FT: 74.401563  0.143497  8.052719
FT: 74.499267  0.142373  8.024814
FT: 74.596971  0.141263  7.997126
FT: 74.694675  0.140168  7.969654
FT: 74.792379  0.139086  7.942393
FT: 74.890083  0.138018  7.915342
FT: 74.987787  0.136964  7.888498
FT: 75.085491  0.135923  7.861859
FT: 75.183195  0.134895  7.835421
FT: 75.280899  0.133879  7.809182
FT: 75.378603  0.132876  7.783141
FT: 75.476307  0.131886  7.757293
FT: 75.574011  0.130907  7.731638
FT: 75.671715  0.129940  7.706173
FT: 75.769419  0.128985  7.680895
FT: 75.867123  0.128042  7.655802
FT: 75.964827  0.127109  7.630892
FT: 76.062531  0.126188  7.606162
FT: 76.160234  0.125278  7.581612
FT: 76.257938  0.124378  7.557238
FT: 76.355642  0.123489  7.533038
FT: 76.453346  0.122611  7.509011
FT: 76.551050  0.121742  7.485154
FT: 76.648754  0.120884  7.461466
FT: 76.746458  0.120035  7.437944
FT: 76.844162  0.119196  7.414587
FT: 76.941866  0.118367  7.391392
FT: 77.039570  0.117547  7.368358
FT: 77.137274  0.116736  7.345484
FT: 77.234978  0.115934  7.322767
FT: 77.332682  0.115142  7.300205
FT: 77.430386  0.114358  7.277797
FT: 77.528090  0.113582  7.255541
FT: 77.625794  0.112816  7.233436
FT: 77.723498  0.112057  7.211479
FT: 77.821202  0.111307  7.189670
FT: 77.918906  0.110566  7.168006
FT: 78.016610  0.109832  7.146486
FT: 78.114314  0.109106  7.125108
FT: 78.212018  0.108388  7.103872
FT: 78.309722  0.107677  7.082774
FT: 78.407426  0.106974  7.061815
FT: 78.505129  0.106278  7.040992
FT: 78.602833  0.105590  7.020304
FT: 78.700537  0.104909  6.999750
FT: 78.798241  0.104235  6.979328
FT: 78.895945  0.103568  6.959036
FT: 78.993649  0.102908  6.938875
FT: 79.091353  0.102255  6.918841
FT: 79.189057  0.101609  6.898934
FT: 79.286761  0.100969  6.879153
FT: 79.384465  0.100335  6.859496
FT: 79.482169  0.099708  6.839962
FT: 79.579873  0.099088  6.820549
FT: 79.677577  0.098473  6.801257
FT: 79.775281  0.097865  6.782085
FT: 79.872985  0.097263  6.763031
FT: 79.970689  0.096666  6.744093
FT: 80.068393  0.096076  6.725271
FT: 80.166097  0.095492  6.706565
FT: 80.263801  0.094913  6.687971
FT: 80.361505  0.094340  6.669490
FT: 80.459209  0.093772  6.651120
FT: 80.556913  0.093210  6.632861
FT: 80.654617  0.092653  6.614711
FT: 80.752320  0.092102  6.596668
FT: 80.850024  0.091556  6.578733
FT: 80.947728  0.091015  6.560904
FT: 81.045432  0.090479  6.543181
FT: 81.143136  0.089948  6.525561
FT: 81.240840  0.089423  6.508044
FT: 81.338544  0.088902  6.490629
FT: 81.436248  0.088386  6.473316
FT: 81.533952  0.087875  6.456103
FT: 81.631656  0.087369  6.438989
FT: 81.729360  0.086867  6.421973
FT: 81.827064  0.086370  6.405055
FT: 81.924768  0.085878  6.388234
FT: 82.022472  0.085390  6.371508
FT: 82.120176  0.084906  6.354877
FT: 82.217880  0.084427  6.338340
FT: 82.315584  0.083952  6.321896
FT: 82.413288  0.083482  6.305545
FT: 82.510992  0.083015  6.289284
FT: 82.608696  0.082553  6.273115
FT: 82.706400  0.082095  6.257035
FT: 82.804104  0.081641  6.241044
FT: 82.901808  0.081191  6.225142
FT: 82.999511  0.080745  6.209327
FT: 83.097215  0.080303  6.193598
FT: 83.194919  0.079865  6.177956
FT: 83.292623  0.079431  6.162399
FT: 83.390327  0.079000  6.146926
FT: 83.488031  0.078573  6.131537
FT: 83.585735  0.078150  6.116231
FT: 83.683439  0.077730  6.101007
FT: 83.781143  0.077314  6.085864
FT: 83.878847  0.076902  6.070803
FT: 83.976551  0.076493  6.055822
FT: 84.074255  0.076088  6.040920
FT: 84.171959  0.075686  6.026097
FT: 84.269663  0.075287  6.011352
FT: 84.367367  0.074892  5.996685
FT: 84.465071  0.074500  5.982094
FT: 84.562775  0.074111  5.967580
FT: 84.660479  0.073725  5.953141
FT: 84.758183  0.073343  5.938778
FT: 84.855887  0.072964  5.924488
FT: 84.953591  0.072588  5.910272
FT: 85.051295  0.072215  5.896130
FT: 85.148999  0.071845  5.882060
FT: 85.246702  0.071478  5.868062
FT: 85.344406  0.071114  5.854135
FT: 85.442110  0.070753  5.840279
FT: 85.539814  0.070395  5.826493
FT: 85.637518  0.070040  5.812777
FT: 85.735222  0.069688  5.799130
FT: 85.832926  0.069338  5.785551
FT: 85.930630  0.068992  5.772041
FT: 86.028334  0.068648  5.758597
FT: 86.126038  0.068307  5.745221
FT: 86.223742  0.067968  5.731911
FT: 86.321446  0.067632  5.718667
FT: 86.419150  0.067299  5.705488
FT: 86.516854  0.066968  5.692374
FT: 86.614558  0.066640  5.679325
FT: 86.712262  0.066315  5.666339
FT: 86.809966  0.065992  5.653416
FT: 86.907670  0.065671  5.640557
FT: 87.005374  0.065353  5.627759
FT: 87.103078  0.065037  5.615024
FT: 87.200782  0.064724  5.602350
FT: 87.298486  0.064413  5.589737
FT: 87.396190  0.064105  5.577184
FT: 87.493894  0.063799  5.564691
FT: 87.591597  0.063495  5.552258
FT: 87.689301  0.063193  5.539884
FT: 87.787005  0.062894  5.527569
FT: 87.884709  0.062597  5.515311
FT: 87.982413  0.062302  5.503112
FT: 88.080117  0.062010  5.490970
FT: 88.177821  0.061719  5.478885
FT: 88.275525  0.061431  5.466856
FT: 88.373229  0.061145  5.454884
FT: 88.470933  0.060861  5.442967
FT: 88.568637  0.060579  5.431105
FT: 88.666341  0.060299  5.419299
FT: 88.764045  0.060021  5.407546
FT: 88.861749  0.059745  5.395848
FT: 88.959453  0.059472  5.384203
FT: 89.057157  0.059200  5.372612
FT: 89.154861  0.058930  5.361074
FT: 89.252565  0.058662  5.349588
FT: 89.350269  0.058396  5.338154
FT: 89.447973  0.058132  5.326772
FT: 89.545677  0.057870  5.315442
FT: 89.643381  0.057609  5.304162
FT: 89.741085  0.057351  5.292933
FT: 89.838788  0.057094  5.281755
FT: 89.936492  0.056839  5.270626
FT: 90.034196  0.056586  5.259547
FT: 90.131900  0.056335  5.248517
FT: 90.229604  0.056085  5.237536
FT: 90.327308  0.055837  5.226604
FT: 90.425012  0.055591  5.215720
FT: 90.522716  0.055347  5.204884
FT: 90.620420  0.055104  5.194095
FT: 90.718124  0.054863  5.183354
FT: 90.815828  0.054624  5.172660
FT: 90.913532  0.054386  5.162012
FT: 91.011236  0.054150  5.151410
FT: 91.108940  0.053915  5.140854
FT: 91.206644  0.053683  5.130344
FT: 91.304348  0.053451  5.119880
FT: 91.402052  0.053222  5.109460
FT: 91.499756  0.052993  5.099085
FT: 91.597460  0.052767  5.088755
FT: 91.695164  0.052542  5.078468
FT: 91.792868  0.052318  5.068226
FT: 91.890572  0.052096  5.058026
FT: 91.988276  0.051875  5.047871
FT: 92.085979  0.051656  5.037758
FT: 92.183683  0.051438  5.027688
FT: 92.281387  0.051222  5.017660
FT: 92.379091  0.051007  5.007674
FT: 92.476795  0.050794  4.997730
FT: 92.574499  0.050582  4.987828
FT: 92.672203  0.050371  4.977967
FT: 92.769907  0.050162  4.968147
FT: 92.867611  0.049954  4.958367
FT: 92.965315  0.049747  4.948628
FT: 93.063019  0.049542  4.938930
FT: 93.160723  0.049338  4.929271
FT: 93.258427  0.049136  4.919652
FT: 93.356131  0.048934  4.910072
FT: 93.453835  0.048734  4.900532
FT: 93.551539  0.048536  4.891031
FT: 93.649243  0.048338  4.881568
FT: 93.746947  0.048142  4.872144
FT: 93.844651  0.047947  4.862757
FT: 93.942355  0.047753  4.853409
FT: 94.040059  0.047561  4.844099
FT: 94.137763  0.047370  4.834826
FT: 94.235467  0.047180  4.825590
FT: 94.333170  0.046991  4.816391
FT: 94.430874  0.046803  4.807229
FT: 94.528578  0.046616  4.798104
FT: 94.626282  0.046431  4.789015
FT: 94.723986  0.046247  4.779962
FT: 94.821690  0.046064  4.770944
FT: 94.919394  0.045882  4.761963
FT: 95.017098  0.045701  4.753017
FT: 95.114802  0.045522  4.744106
FT: 95.212506  0.045343  4.735230
FT: 95.310210  0.045165  4.726389
FT: 95.407914  0.044989  4.717582
FT: 95.505618  0.044814  4.708810
FT: 95.603322  0.044639  4.700072
FT: 95.701026  0.044466  4.691368
FT: 95.798730  0.044294  4.682697
FT: 95.896434  0.044123  4.674060
FT: 95.994138  0.043953  4.665457
FT: 96.091842  0.043784  4.656886
FT: 96.189546  0.043616  4.648349
FT: 96.287250  0.043449  4.639844
FT: 96.384954  0.043283  4.631372
FT: 96.482658  0.043118  4.622932
FT: 96.580362  0.042954  4.614524
FT: 96.678065  0.042791  4.606148
FT: 96.775769  0.042629  4.597804
FT: 96.873473  0.042467  4.589491
FT: 96.971177  0.042307  4.581210
FT: 97.068881  0.042148  4.572960
FT: 97.166585  0.041990  4.564741
FT: 97.264289  0.041832  4.556553
FT: 97.361993  0.041676  4.548395
FT: 97.459697  0.041520  4.540268
FT: 97.557401  0.041365  4.532172
FT: 97.655105  0.041212  4.524105
FT: 97.752809  0.041059  4.516068
FT: 97.850513  0.040907  4.508062
FT: 97.948217  0.040756  4.500084
FT: 98.045921  0.040605  4.492136
FT: 98.143625  0.040456  4.484218
FT: 98.241329  0.040308  4.476328
FT: 98.339033  0.040160  4.468468
FT: 98.436737  0.040013  4.460636
FT: 98.534441  0.039867  4.452833
FT: 98.632145  0.039722  4.445058
FT: 98.729849  0.039577  4.437312
FT: 98.827553  0.039434  4.429594
FT: 98.925256  0.039291  4.421903
FT: 99.022960  0.039149  4.414241
FT: 99.120664  0.039008  4.406606
FT: 99.218368  0.038868  4.398998
FT: 99.316072  0.038728  4.391418
FT: 99.413776  0.038590  4.383865
FT: 99.511480  0.038452  4.376339
FT: 99.609184  0.038314  4.368840
FT: 99.706888  0.038178  4.361368
FT: 99.804592  0.038042  4.353922
FT: 99.902296  0.037907  4.346503
FT: 100.000000  0.037773  4.339110
